740
750
752
755
762
1390
3053
3088
6396
8806
13875
14229
18509
19893
24559
25154
26271
26980
27640
32065
34462
38721
45388
45923
49842
63878
66847
67574
71423
77213
79037
82151
85998
92859
102816
105014
109724
118218
119875
122758
122819
125066
125973
127716
138783
141540
169780
180973
218321
226080
241240
246131
266046
279836
296961
362856
369100
409962
606869
608210
609699
613327
628503
673596
681239
686673
698037
701852
702294
712807
713563
715055
718781
719276
719344
719345
719627
721517
732517
733504
737754
743414
745750
747599
747971
747972
747973
747974
749226
750690
753082
754143
754230
755986
756645
757441
760766
761431
761432
763371
